
6758762
6758769
6758668
6758749
6758714
6758734
6758725
6758709
6758673
6758662
6783538
6783540
6783541
6710338
6710331
6710333
6710315
6710334
6710341
6710330
6710326
6710314
6710316
6786528
6792465
6792467
6789561
6758680
6758692
6758681
6794509
6795237
6710337
6710322
6758736
6710336
6710324
6800454
6800455
6799755
6802493
6758752
6758740
6758707
6758691
6758738
6758683
6758728
6758731
6758695
6758732
6804319
6710317
6710320
6805055
6806149
6806206
6710327
6710340
6710329
6758672
6805114
6808556
6710361
6809007
6809007
6808460
6809897
6710350
6758763
6758750
6758687
6758716
6758661
6758727
6758710
6758676
6758723
6758713
6758750
6710325
6710362
6710363
6758689
6758689
6758735
6815380
6815380
6815249
6814873
6814873
6815386
6815386
6710319
6710321
6710364
6710365
6817198
6758761
6758667
6758674
6758666
6758743
6758726
6758684
6758669
6758720
6758761
6819346
6710318
6710328
6710366
6710367
6710368
6710353
6824409
6824409
6824725
6710369
6758690
6710388
6710332
6710323
6710339
6758678
6828060
6758765
6758747
6758693
6758711
6758670
6758699
6758718
6758703
6758677
6758747
6710370
6710372
6833888
6833780